0 6 1
0 7 1
0 9 1
0 10 1
1 3 1
1 6 1
1 7 0
1 8 0
1 9 0
1 10 1
1 13 1
2 0 1
2 1 1
2 2 1
2 3 1
2 4 1
2 5 1
2 6 1
2 7 0
2 8 0
2 9 0
2 10 1
2 11 1
2 12 1
2 13 1
2 14 1
2 15 1
2 16 1
3 0 1
3 1 0
3 2 0
3 3 0
3 4 0
3 5 0
3 6 0
3 7 0
3 8 0
3 9 0
3 10 0
3 11 0
3 12 0
3 13 0
3 14 0
3 15 0
3 16 1
4 0 1
4 1 0
4 2 0
4 3 3 1 9 1 5 45 -90
4 4 0
4 5 0
4 6 0
4 7 0
4 8 3 1 0 8 5 135 90
4 9 0
4 10 0
4 11 0
4 12 0
4 13 3 1 9 15 5 45 -90
4 14 0
4 15 0
4 16 1
5 0 1
5 1 0
5 2 0
5 3 0
5 4 1
5 5 1
5 6 1
5 7 0
5 8 0
5 9 0
5 10 1
5 11 1
5 12 1
5 13 0
5 14 0
5 15 0
5 16 1
6 0 1
6 1 0
6 2 0
6 3 1
6 4 1
6 6 1
6 7 0
6 8 4 4 1 5 0 1 4 0 1 12 0 1 11 0
6 9 0
6 10 1
6 12 1
6 13 1
6 14 0
6 15 0
6 16 1
7 0 1
7 1 0
7 2 1
7 3 1
7 6 1
7 7 1
7 8 0
7 9 1
7 10 1
7 13 1
7 14 1
7 15 0
7 16 1
8 0 1
8 1 1
8 2 1
8 7 1
8 8 1
8 9 1
8 14 1
8 15 1
8 16 1
9 8 1
