0 9 1
0 10 1
0 11 1
0 12 1
0 13 1
0 14 1
0 15 1
0 16 1
0 17 1
0 18 1
0 19 1
0 20 1
0 21 1
0 22 1
0 23 1
0 24 1
0 25 1
0 26 1
0 27 1
0 28 1
0 29 1
0 30 1
0 31 1
0 32 1
0 33 1
0 34 1
0 35 1
1 8 1
1 9 1
1 10 1
1 11 1
1 12 1
1 13 1
1 14 1
1 15 1
1 16 1
1 17 1
1 18 1
1 19 1
1 20 1
1 21 1
1 22 1
1 23 1
1 24 1
1 25 1
1 26 1
1 27 1
1 28 1
1 29 1
1 30 1
1 31 1
1 32 1
1 33 1
1 34 1
1 35 1
1 36 1
2 7 1
2 8 1
2 9 1
2 10 1
2 11 1
2 12 1
2 13 1
2 14 1
2 15 1
2 16 1
2 17 1
2 18 1
2 19 1
2 20 1
2 21 1
2 22 1
2 23 1
2 24 1
2 25 1
2 26 1
2 27 1
2 28 1
2 29 1
2 30 1
2 31 1
2 32 1
2 33 1
2 34 1
2 35 1
2 36 1
2 37 1
3 6 1
3 7 1
3 8 1
3 9 0
3 10 0
3 11 0
3 12 0
3 13 0
3 14 1
3 15 0
3 16 0
3 17 0
3 18 0
3 19 0
3 20 0
3 21 0
3 22 0
3 23 0
3 24 0
3 25 0
3 26 0
3 27 0
3 28 0
3 29 0
3 30 1
3 31 0
3 32 0
3 33 0
3 34 0
3 35 0
3 36 1
3 37 1
3 38 1
4 6 1
4 7 1
4 8 1
4 9 0
4 10 0
4 11 0
4 12 0
4 13 0
4 14 0
4 15 0
4 16 0
4 17 0
4 18 0
4 19 0
4 20 0
4 21 0
4 22 0
4 23 0
4 24 0
4 25 0
4 26 0
4 27 0
4 28 0
4 29 0
4 30 0
4 31 0
4 32 0
4 33 0
4 34 0
4 35 0
4 36 1
4 37 1
4 38 1
5 6 1
5 7 1
5 8 1
5 9 0
5 10 0
5 11 0
5 12 0
5 13 0
5 14 1
5 15 0
5 16 0
5 17 0
5 18 0
5 19 0
5 20 0
5 21 0
5 22 0
5 23 0
5 24 0
5 25 0
5 26 0
5 27 0
5 28 0
5 29 0
5 30 1
5 31 0
5 32 0
5 33 0
5 34 0
5 35 0
5 36 1
5 37 1
5 38 1
6 6 1
6 7 1
6 8 1
6 9 0
6 10 0
6 11 0
6 12 0
6 13 0
6 14 1
6 15 1
6 16 1
6 17 1
6 18 0
6 19 0
6 20 0
6 21 0
6 22 0
6 23 0
6 24 0
6 25 0
6 26 0
6 27 1
6 28 1
6 29 1
6 30 1
6 31 0
6 32 0
6 33 0
6 34 0
6 35 0
6 36 1
6 37 1
6 38 1
7 6 1
7 7 1
7 8 1
7 9 0
7 10 0
7 11 0
7 12 0
7 13 0
7 14 1
7 15 0
7 16 0
7 17 0
7 18 0
7 19 0
7 20 0
7 21 0
7 22 0
7 23 0
7 24 0
7 25 0
7 26 0
7 27 0
7 28 0
7 29 0
7 30 1
7 31 0
7 32 0
7 33 0
7 34 0
7 35 0
7 36 1
7 37 1
7 38 1
8 6 1
8 7 1
8 8 1
8 9 0
8 10 0
8 11 0
8 12 0
8 13 0
8 14 1
8 15 0
8 16 0
8 17 0
8 18 0
8 19 0
8 20 0
8 21 1
8 22 1
8 23 1
8 24 0
8 25 0
8 26 0
8 27 0
8 28 0
8 29 0
8 30 1
8 31 0
8 32 0
8 33 0
8 34 0
8 35 0
8 36 1
8 37 1
8 38 1
9 6 1
9 7 1
9 8 1
9 9 0
9 10 0
9 11 0
9 12 0
9 13 0
9 14 1
9 15 0
9 16 0
9 17 0
9 18 0
9 19 0
9 20 0
9 21 0
9 22 1
9 23 0
9 24 0
9 25 0
9 26 0
9 27 0
9 28 0
9 29 0
9 30 1
9 31 0
9 32 0
9 33 0
9 34 0
9 35 0
9 36 1
9 37 1
9 38 1
10 6 1
10 7 1
10 8 1
10 9 0
10 10 0
10 11 0
10 12 0
10 13 0
10 14 1
10 15 0
10 16 0
10 17 0
10 18 0
10 19 0
10 20 0
10 21 0
10 22 1
10 23 0
10 24 0
10 25 0
10 26 0
10 27 0
10 28 0
10 29 0
10 30 1
10 31 0
10 32 0
10 33 0
10 34 0
10 35 0
10 36 1
10 37 1
10 38 1
11 6 1
11 7 1
11 8 1
11 9 0
11 10 0
11 11 0
11 12 0
11 13 0
11 14 1
11 15 0
11 16 0
11 17 0
11 18 0
11 19 0
11 20 0
11 21 0
11 22 1
11 23 0
11 24 0
11 25 0
11 26 0
11 27 0
11 28 0
11 29 0
11 30 1
11 31 0
11 32 0
11 33 0
11 34 0
11 35 0
11 36 1
11 37 1
11 38 1
12 6 1
12 7 1
12 8 1
12 9 0
12 10 0
12 11 0
12 12 0
12 13 0
12 14 1
12 15 0
12 16 0
12 17 0
12 18 0
12 19 0
12 20 0
12 21 0
12 22 1
12 23 0
12 24 0
12 25 0
12 26 0
12 27 0
12 28 0
12 29 0
12 30 1
12 31 0
12 32 0
12 33 0
12 34 0
12 35 0
12 36 1
12 37 1
12 38 1
13 6 1
13 7 1
13 8 1
13 9 0
13 10 0
13 11 0
13 12 0
13 13 0
13 14 1
13 15 0
13 16 0
13 17 0
13 18 0
13 19 0
13 20 0
13 21 1
13 22 1
13 23 1
13 24 0
13 25 0
13 26 0
13 27 0
13 28 0
13 29 0
13 30 1
13 31 0
13 32 0
13 33 0
13 34 0
13 35 0
13 36 1
13 37 1
13 38 1
14 6 1
14 7 1
14 8 1
14 9 0
14 10 0
14 11 0
14 12 0
14 13 0
14 14 1
14 15 0
14 16 0
14 17 0
14 18 0
14 19 0
14 20 0
14 21 0
14 22 0
14 23 0
14 24 0
14 25 0
14 26 0
14 27 0
14 28 0
14 29 0
14 30 1
14 31 0
14 32 0
14 33 0
14 34 0
14 35 0
14 36 1
14 37 1
14 38 1
15 6 1
15 7 1
15 8 1
15 9 0
15 10 0
15 11 0
15 12 0
15 13 0
15 14 1
15 15 0
15 16 0
15 17 0
15 18 0
15 19 0
15 20 0
15 21 0
15 22 0
15 23 0
15 24 0
15 25 0
15 26 0
15 27 0
15 28 0
15 29 0
15 30 1
15 31 0
15 32 0
15 33 0
15 34 0
15 35 0
15 36 1
15 37 1
15 38 1
16 6 1
16 7 1
16 8 1
16 9 0
16 10 0
16 11 0
16 12 0
16 13 0
16 14 1
16 15 0
16 16 0
16 17 0
16 18 0
16 19 0
16 20 0
16 21 0
16 22 0
16 23 0
16 24 0
16 25 0
16 26 0
16 27 0
16 28 0
16 29 0
16 30 1
16 31 0
16 32 0
16 33 0
16 34 0
16 35 0
16 36 1
16 37 1
16 38 1
17 5 1
17 6 1
17 7 1
17 8 1
17 9 0
17 10 0
17 11 0
17 12 0
17 13 0
17 14 0
17 15 0
17 16 0
17 17 0
17 18 0
17 19 0
17 20 0
17 21 0
17 22 0
17 23 0
17 24 0
17 25 0
17 26 0
17 27 0
17 28 0
17 29 0
17 30 0
17 31 0
17 32 0
17 33 0
17 34 0
17 35 0
17 36 1
17 37 1
17 38 1
17 39 1
18 4 1
18 5 1
18 6 1
18 7 1
18 8 1
18 9 0
18 10 0
18 11 0
18 12 0
18 13 0
18 14 1
18 15 0
18 16 0
18 17 0
18 18 0
18 19 0
18 20 0
18 21 0
18 22 0
18 23 0
18 24 0
18 25 0
18 26 0
18 27 0
18 28 0
18 29 0
18 30 1
18 31 0
18 32 0
18 33 0
18 34 0
18 35 0
18 36 1
18 37 1
18 38 1
18 39 1
18 40 1
19 3 1
19 4 1
19 5 1
19 6 1
19 7 1
19 8 1
19 9 1
19 10 1
19 11 1
19 12 0
19 13 1
19 14 1
19 15 1
19 16 1
19 17 1
19 18 1
19 19 1
19 20 1
19 21 0
19 22 0
19 23 0
19 24 1
19 25 1
19 26 1
19 27 1
19 28 1
19 29 1
19 30 1
19 31 1
19 32 0
19 33 1
19 34 1
19 35 1
19 36 1
19 37 1
19 38 1
19 39 1
19 40 1
19 41 1
20 2 1
20 3 1
20 4 1
20 5 1
20 6 0
20 7 0
20 8 0
20 9 0
20 10 1
20 11 0
20 12 0
20 13 0
20 14 1
20 15 0
20 16 0
20 17 0
20 18 0
20 19 1
20 20 0
20 21 0
20 22 0
20 23 0
20 24 0
20 25 1
20 26 0
20 27 0
20 28 0
20 29 0
20 30 1
20 31 0
20 32 0
20 33 0
20 34 1
20 35 0
20 36 0
20 37 0
20 38 0
20 39 1
20 40 1
20 41 1
20 42 1
21 1 1
21 2 1
21 3 1
21 4 1
21 5 1
21 6 0
21 7 0
21 8 0
21 9 0
21 10 1
21 11 0
21 12 0
21 13 0
21 14 1
21 15 0
21 16 0
21 17 0
21 18 0
21 19 1
21 20 0
21 21 0
21 22 0
21 23 0
21 24 0
21 25 1
21 26 0
21 27 0
21 28 0
21 29 0
21 30 1
21 31 0
21 32 0
21 33 0
21 34 1
21 35 0
21 36 0
21 37 0
21 38 0
21 39 1
21 40 1
21 41 1
21 42 1
21 43 1
22 0 1
22 1 1
22 2 0
22 3 0
22 4 1
22 5 1
22 6 0
22 7 0
22 8 0
22 9 0
22 10 1
22 11 0
22 12 0
22 13 0
22 14 1
22 15 0
22 16 0
22 17 0
22 18 0
22 19 1
22 20 0
22 21 0
22 22 0
22 23 0
22 24 0
22 25 1
22 26 0
22 27 0
22 28 0
22 29 0
22 30 1
22 31 0
22 32 0
22 33 0
22 34 1
22 35 0
22 36 0
22 37 0
22 38 0
22 39 1
22 40 1
22 41 0
22 42 0
22 43 1
22 44 1
23 0 1
23 1 1
23 2 0
23 3 0
23 4 1
23 5 1
23 6 0
23 7 0
23 8 0
23 9 0
23 10 0
23 11 0
23 12 0
23 13 0
23 14 0
23 15 0
23 16 0
23 17 0
23 18 0
23 19 1
23 20 0
23 21 0
23 22 0
23 23 0
23 24 0
23 25 1
23 26 0
23 27 0
23 28 0
23 29 0
23 30 0
23 31 0
23 32 0
23 33 0
23 34 0
23 35 0
23 36 0
23 37 0
23 38 0
23 39 1
23 40 1
23 41 0
23 42 0
23 43 1
23 44 1
24 0 1
24 1 1
24 2 1
24 3 0
24 4 1
24 5 1
24 6 0
24 7 0
24 8 0
24 9 0
24 10 1
24 11 0
24 12 0
24 13 0
24 14 1
24 15 0
24 16 0
24 17 0
24 18 0
24 19 1
24 20 0
24 21 0
24 22 0
24 23 0
24 24 0
24 25 1
24 26 0
24 27 0
24 28 0
24 29 0
24 30 1
24 31 0
24 32 0
24 33 0
24 34 1
24 35 0
24 36 0
24 37 0
24 38 0
24 39 1
24 40 1
24 41 0
24 42 1
24 43 1
24 44 1
25 0 1
25 1 1
25 2 1
25 3 0
25 4 1
25 5 1
25 6 0
25 7 0
25 8 0
25 9 0
25 10 1
25 11 0
25 12 0
25 13 0
25 14 1
25 15 0
25 16 0
25 17 0
25 18 0
25 19 1
25 20 0
25 21 0
25 22 0
25 23 0
25 24 0
25 25 1
25 26 0
25 27 0
25 28 0
25 29 0
25 30 1
25 31 0
25 32 0
25 33 0
25 34 1
25 35 0
25 36 0
25 37 0
25 38 0
25 39 1
25 40 1
25 41 0
25 42 1
25 43 1
25 44 1
26 0 1
26 1 1
26 2 1
26 3 0
26 4 1
26 5 1
26 6 0
26 7 0
26 8 0
26 9 0
26 10 1
26 11 0
26 12 0
26 13 0
26 14 1
26 15 0
26 16 0
26 17 0
26 18 0
26 19 1
26 20 0
26 21 0
26 22 0
26 23 0
26 24 0
26 25 1
26 26 0
26 27 0
26 28 0
26 29 0
26 30 1
26 31 0
26 32 0
26 33 0
26 34 1
26 35 0
26 36 0
26 37 0
26 38 0
26 39 1
26 40 1
26 41 0
26 42 1
26 43 1
26 44 1
27 0 1
27 1 1
27 2 0
27 3 0
27 4 0
27 5 1
27 6 1
27 7 1
27 8 1
27 9 1
27 10 1
27 11 0
27 12 0
27 13 0
27 14 1
27 15 1
27 16 1
27 17 1
27 18 1
27 19 1
27 20 0
27 21 0
27 22 0
27 23 0
27 24 0
27 25 1
27 26 1
27 27 1
27 28 1
27 29 1
27 30 1
27 31 0
27 32 0
27 33 0
27 34 1
27 35 1
27 36 1
27 37 1
27 38 1
27 39 1
27 40 0
27 41 0
27 42 0
27 43 1
27 44 1
28 0 1
28 1 1
28 2 0
28 3 0
28 4 0
28 5 1
28 6 0
28 7 0
28 8 0
28 9 0
28 10 1
28 11 0
28 12 0
28 13 0
28 14 1
28 15 0
28 16 0
28 17 0
28 18 0
28 19 1
28 20 0
28 21 0
28 22 0
28 23 0
28 24 0
28 25 1
28 26 0
28 27 0
28 28 0
28 29 0
28 30 1
28 31 0
28 32 0
28 33 0
28 34 1
28 35 0
28 36 0
28 37 0
28 38 0
28 39 1
28 40 0
28 41 0
28 42 0
28 43 1
28 44 1
29 0 1
29 1 1
29 2 0
29 3 0
29 4 0
29 5 1
29 6 0
29 7 0
29 8 0
29 9 0
29 10 1
29 11 0
29 12 0
29 13 0
29 14 1
29 15 0
29 16 0
29 17 0
29 18 0
29 19 1
29 20 0
29 21 0
29 22 0
29 23 0
29 24 0
29 25 1
29 26 0
29 27 0
29 28 0
29 29 0
29 30 1
29 31 0
29 32 0
29 33 0
29 34 1
29 35 0
29 36 0
29 37 0
29 38 0
29 39 1
29 40 0
29 41 0
29 42 0
29 43 1
29 44 1
30 0 1
30 1 1
30 2 0
30 3 0
30 4 0
30 5 1
30 6 0
30 7 0
30 8 0
30 9 0
30 10 1
30 11 0
30 12 0
30 13 0
30 14 1
30 15 0
30 16 0
30 17 0
30 18 0
30 19 1
30 20 0
30 21 0
30 22 0
30 23 0
30 24 0
30 25 1
30 26 0
30 27 0
30 28 0
30 29 0
30 30 1
30 31 0
30 32 0
30 33 0
30 34 1
30 35 0
30 36 0
30 37 0
30 38 0
30 39 1
30 40 0
30 41 0
30 42 0
30 43 1
30 44 1
31 0 1
31 1 1
31 2 0
31 3 0
31 4 0
31 5 0
31 6 0
31 7 0
31 8 0
31 9 0
31 10 0
31 11 0
31 12 0
31 13 0
31 14 0
31 15 0
31 16 0
31 17 0
31 18 0
31 19 1
31 20 0
31 21 0
31 22 0
31 23 0
31 24 0
31 25 1
31 26 0
31 27 0
31 28 0
31 29 0
31 30 0
31 31 0
31 32 0
31 33 0
31 34 0
31 35 0
31 36 0
31 37 0
31 38 0
31 39 0
31 40 0
31 41 0
31 42 0
31 43 1
31 44 1
32 0 1
32 1 1
32 2 0
32 3 0
32 4 0
32 5 1
32 6 0
32 7 0
32 8 0
32 9 0
32 10 1
32 11 0
32 12 0
32 13 0
32 14 1
32 15 0
32 16 0
32 17 0
32 18 0
32 19 1
32 20 0
32 21 0
32 22 0
32 23 0
32 24 0
32 25 1
32 26 0
32 27 0
32 28 0
32 29 0
32 30 1
32 31 0
32 32 0
32 33 0
32 34 1
32 35 0
32 36 0
32 37 0
32 38 0
32 39 1
32 40 0
32 41 0
32 42 0
32 43 1
32 44 1
33 0 1
33 1 1
33 2 0
33 3 0
33 4 0
33 5 1
33 6 0
33 7 0
33 8 0
33 9 0
33 10 1
33 11 0
33 12 0
33 13 0
33 14 1
33 15 0
33 16 0
33 17 0
33 18 0
33 19 1
33 20 0
33 21 0
33 22 1
33 23 0
33 24 0
33 25 1
33 26 0
33 27 0
33 28 0
33 29 0
33 30 1
33 31 0
33 32 0
33 33 0
33 34 1
33 35 0
33 36 0
33 37 0
33 38 0
33 39 1
33 40 0
33 41 0
33 42 0
33 43 1
33 44 1
34 0 1
34 1 1
34 2 0
34 3 0
34 4 0
34 5 1
34 6 0
34 7 0
34 8 0
34 9 0
34 10 1
34 11 0
34 12 0
34 13 0
34 14 1
34 15 0
34 16 0
34 17 0
34 18 0
34 19 1
34 20 0
34 21 0
34 22 1
34 23 0
34 24 0
34 25 1
34 26 0
34 27 0
34 28 0
34 29 0
34 30 1
34 31 0
34 32 0
34 33 0
34 34 1
34 35 0
34 36 0
34 37 0
34 38 0
34 39 1
34 40 0
34 41 0
34 42 0
34 43 1
34 44 1
35 0 1
35 1 1
35 2 0
35 3 0
35 4 0
35 5 1
35 6 1
35 7 1
35 8 1
35 9 1
35 10 1
35 11 0
35 12 0
35 13 0
35 14 1
35 15 1
35 16 1
35 17 1
35 18 1
35 19 1
35 20 0
35 21 0
35 22 1
35 23 0
35 24 0
35 25 1
35 26 1
35 27 1
35 28 1
35 29 1
35 30 1
35 31 0
35 32 0
35 33 0
35 34 1
35 35 1
35 36 1
35 37 1
35 38 1
35 39 1
35 40 0
35 41 0
35 42 0
35 43 1
35 44 1
36 0 1
36 1 1
36 2 1
36 3 0
36 4 1
36 5 1
36 6 0
36 7 0
36 8 0
36 9 0
36 10 1
36 11 0
36 12 0
36 13 0
36 14 1
36 15 0
36 16 0
36 17 0
36 18 0
36 19 1
36 20 0
36 21 0
36 22 1
36 23 0
36 24 0
36 25 1
36 26 0
36 27 0
36 28 0
36 29 0
36 30 1
36 31 0
36 32 0
36 33 0
36 34 1
36 35 0
36 36 0
36 37 0
36 38 0
36 39 1
36 40 1
36 41 0
36 42 1
36 43 1
36 44 1
37 0 1
37 1 1
37 2 1
37 3 0
37 4 1
37 5 1
37 6 0
37 7 0
37 8 0
37 9 0
37 10 1
37 11 0
37 12 0
37 13 0
37 14 1
37 15 0
37 16 0
37 17 0
37 18 0
37 19 1
37 20 0
37 21 0
37 22 1
37 23 0
37 24 0
37 25 1
37 26 0
37 27 0
37 28 0
37 29 0
37 30 1
37 31 0
37 32 0
37 33 0
37 34 1
37 35 0
37 36 0
37 37 0
37 38 0
37 39 1
37 40 1
37 41 0
37 42 1
37 43 1
37 44 1
38 0 1
38 1 1
38 2 1
38 3 0
38 4 1
38 5 1
38 6 0
38 7 0
38 8 0
38 9 0
38 10 1
38 11 0
38 12 0
38 13 0
38 14 1
38 15 0
38 16 0
38 17 0
38 18 0
38 19 1
38 20 0
38 21 0
38 22 0
38 23 0
38 24 0
38 25 1
38 26 0
38 27 0
38 28 0
38 29 0
38 30 1
38 31 0
38 32 0
38 33 0
38 34 1
38 35 0
38 36 0
38 37 0
38 38 0
38 39 1
38 40 1
38 41 0
38 42 1
38 43 1
38 44 1
39 0 1
39 1 1
39 2 0
39 3 0
39 4 1
39 5 1
39 6 0
39 7 0
39 8 0
39 9 0
39 10 0
39 11 0
39 12 0
39 13 0
39 14 0
39 15 0
39 16 0
39 17 0
39 18 0
39 19 1
39 20 0
39 21 0
39 22 0
39 23 0
39 24 0
39 25 1
39 26 0
39 27 0
39 28 0
39 29 0
39 30 0
39 31 0
39 32 0
39 33 0
39 34 0
39 35 0
39 36 0
39 37 0
39 38 0
39 39 1
39 40 1
39 41 0
39 42 0
39 43 1
39 44 1
40 0 1
40 1 1
40 2 0
40 3 0
40 4 1
40 5 1
40 6 0
40 7 0
40 8 0
40 9 0
40 10 1
40 11 0
40 12 0
40 13 0
40 14 1
40 15 0
40 16 0
40 17 0
40 18 0
40 19 1
40 20 0
40 21 0
40 22 0
40 23 0
40 24 0
40 25 1
40 26 0
40 27 0
40 28 0
40 29 0
40 30 1
40 31 0
40 32 0
40 33 0
40 34 1
40 35 0
40 36 0
40 37 0
40 38 0
40 39 1
40 40 1
40 41 0
40 42 0
40 43 1
40 44 1
41 1 1
41 2 1
41 3 1
41 4 1
41 5 1
41 6 0
41 7 0
41 8 0
41 9 0
41 10 1
41 11 0
41 12 0
41 13 0
41 14 1
41 15 0
41 16 0
41 17 0
41 18 0
41 19 1
41 20 0
41 21 0
41 22 0
41 23 0
41 24 0
41 25 1
41 26 0
41 27 0
41 28 0
41 29 0
41 30 1
41 31 0
41 32 0
41 33 0
41 34 1
41 35 0
41 36 0
41 37 0
41 38 0
41 39 1
41 40 1
41 41 1
41 42 1
41 43 1
42 2 1
42 3 1
42 4 1
42 5 1
42 6 0
42 7 0
42 8 0
42 9 0
42 10 1
42 11 0
42 12 0
42 13 0
42 14 1
42 15 0
42 16 0
42 17 0
42 18 0
42 19 1
42 20 0
42 21 0
42 22 0
42 23 0
42 24 0
42 25 1
42 26 0
42 27 0
42 28 0
42 29 0
42 30 1
42 31 0
42 32 0
42 33 0
42 34 1
42 35 0
42 36 0
42 37 0
42 38 0
42 39 1
42 40 1
42 41 1
42 42 1
43 3 1
43 4 1
43 5 1
43 6 1
43 7 1
43 8 1
43 9 1
43 10 1
43 11 0
43 12 0
43 13 0
43 14 1
43 15 1
43 16 1
43 17 1
43 18 1
43 19 1
43 20 0
43 21 0
43 22 0
43 23 0
43 24 0
43 25 1
43 26 1
43 27 1
43 28 1
43 29 1
43 30 1
43 31 0
43 32 0
43 33 0
43 34 1
43 35 1
43 36 1
43 37 1
43 38 1
43 39 1
43 40 1
43 41 1
44 4 1
44 5 1
44 6 0
44 7 0
44 8 0
44 9 0
44 10 1
44 11 0
44 12 0
44 13 0
44 14 1
44 15 0
44 16 0
44 17 0
44 18 0
44 19 1
44 20 0
44 21 0
44 22 0
44 23 0
44 24 0
44 25 1
44 26 0
44 27 0
44 28 0
44 29 0
44 30 1
44 31 0
44 32 0
44 33 0
44 34 1
44 35 0
44 36 0
44 37 0
44 38 0
44 39 1
44 40 1
45 5 1
45 6 0
45 7 0
45 8 0
45 9 0
45 10 1
45 11 0
45 12 0
45 13 0
45 14 1
45 15 0
45 16 0
45 17 0
45 18 0
45 19 1
45 20 0
45 21 0
45 22 0
45 23 0
45 24 0
45 25 1
45 26 0
45 27 0
45 28 0
45 29 0
45 30 1
45 31 0
45 32 0
45 33 0
45 34 1
45 35 0
45 36 0
45 37 0
45 38 0
45 39 1
46 5 1
46 6 0
46 7 0
46 8 0
46 9 0
46 10 1
46 11 0
46 12 0
46 13 0
46 14 1
46 15 0
46 16 0
46 17 0
46 18 0
46 19 1
46 20 0
46 21 0
46 22 0
46 23 0
46 24 0
46 25 1
46 26 0
46 27 0
46 28 0
46 29 0
46 30 1
46 31 0
46 32 0
46 33 0
46 34 1
46 35 0
46 36 0
46 37 0
46 38 0
46 39 1
47 5 1
47 6 0
47 7 0
47 8 0
47 9 0
47 10 0
47 11 0
47 12 0
47 13 0
47 14 0
47 15 0
47 16 0
47 17 0
47 18 0
47 19 1
47 20 0
47 21 0
47 22 0
47 23 0
47 24 0
47 25 1
47 26 0
47 27 0
47 28 0
47 29 0
47 30 0
47 31 0
47 32 0
47 33 0
47 34 0
47 35 0
47 36 0
47 37 0
47 38 0
47 39 1
48 5 1
48 6 0
48 7 0
48 8 0
48 9 0
48 10 1
48 11 0
48 12 0
48 13 0
48 14 1
48 15 0
48 16 0
48 17 0
48 18 0
48 19 1
48 20 0
48 21 0
48 22 0
48 23 0
48 24 0
48 25 1
48 26 0
48 27 0
48 28 0
48 29 0
48 30 1
48 31 0
48 32 0
48 33 0
48 34 1
48 35 0
48 36 0
48 37 0
48 38 0
48 39 1
49 5 1
49 6 0
49 7 0
49 8 0
49 9 0
49 10 1
49 11 0
49 12 0
49 13 0
49 14 1
49 15 0
49 16 0
49 17 0
49 18 0
49 19 1
49 20 0
49 21 0
49 22 0
49 23 0
49 24 0
49 25 1
49 26 0
49 27 0
49 28 0
49 29 0
49 30 1
49 31 0
49 32 0
49 33 0
49 34 1
49 35 0
49 36 0
49 37 0
49 38 0
49 39 1
50 5 1
50 6 0
50 7 0
50 8 0
50 9 0
50 10 1
50 11 0
50 12 0
50 13 0
50 14 1
50 15 0
50 16 0
50 17 0
50 18 0
50 19 1
50 20 0
50 21 0
50 22 0
50 23 0
50 24 0
50 25 1
50 26 0
50 27 0
50 28 0
50 29 0
50 30 1
50 31 0
50 32 0
50 33 0
50 34 1
50 35 0
50 36 0
50 37 0
50 38 0
50 39 1
51 5 1
51 6 1
51 7 1
51 8 1
51 9 1
51 10 1
51 11 1
51 12 1
51 13 0
51 14 1
51 15 1
51 16 1
51 17 1
51 18 1
51 19 1
51 20 0
51 21 0
51 22 0
51 23 0
51 24 0
51 25 1
51 26 1
51 27 1
51 28 1
51 29 1
51 30 1
51 31 0
51 32 1
51 33 1
51 34 1
51 35 1
51 36 1
51 37 1
51 38 1
51 39 1
52 5 1
52 6 1
52 7 1
52 8 0
52 9 0
52 10 0
52 11 0
52 12 0
52 13 0
52 14 1
52 15 0
52 16 0
52 17 0
52 18 0
52 19 1
52 20 1
52 21 0
52 22 0
52 23 0
52 24 1
52 25 1
52 26 0
52 27 0
52 28 0
52 29 0
52 30 1
52 31 0
52 32 0
52 33 0
52 34 0
52 35 0
52 36 0
52 37 1
52 38 1
52 39 1
53 6 1
53 7 1
53 8 0
53 9 0
53 10 1
53 11 1
53 12 1
53 13 0
53 14 1
53 15 0
53 16 0
53 17 0
53 18 0
53 19 1
53 20 1
53 21 1
53 22 0
53 23 1
53 24 1
53 25 1
53 26 0
53 27 0
53 28 0
53 29 0
53 30 1
53 31 0
53 32 1
53 33 1
53 34 1
53 35 0
53 36 0
53 37 1
53 38 1
54 7 1
54 8 1
54 9 1
54 10 1
54 11 1
54 12 1
54 13 0
54 14 1
54 15 0
54 16 0
54 17 0
54 18 0
54 19 0
54 20 0
54 21 1
54 22 0
54 23 1
54 24 0
54 25 0
54 26 0
54 27 0
54 28 0
54 29 0
54 30 1
54 31 0
54 32 1
54 33 1
54 34 1
54 35 1
54 36 1
54 37 1
55 8 1
55 9 1
55 10 1
55 11 1
55 12 1
55 13 0
55 14 1
55 15 0
55 16 0
55 17 0
55 18 0
55 19 0
55 20 0
55 21 1
55 22 0
55 23 1
55 24 0
55 25 0
55 26 0
55 27 0
55 28 0
55 29 0
55 30 1
55 31 0
55 32 1
55 33 1
55 34 1
55 35 1
55 36 1
56 9 1
56 10 1
56 11 1
56 12 1
56 13 0
56 14 1
56 15 0
56 16 0
56 17 0
56 18 0
56 19 0
56 20 0
56 21 1
56 22 0
56 23 1
56 24 0
56 25 0
56 26 0
56 27 0
56 28 0
56 29 0
56 30 1
56 31 0
56 32 1
56 33 1
56 34 1
56 35 1
57 10 1
57 11 1
57 12 1
57 13 0
57 14 0
57 15 0
57 16 0
57 17 0
57 18 0
57 19 0
57 20 0
57 21 0
57 22 0
57 23 0
57 24 0
57 25 0
57 26 0
57 27 0
57 28 0
57 29 0
57 30 0
57 31 0
57 32 1
57 33 1
57 34 1
58 11 1
58 12 1
58 13 1
58 14 1
58 15 1
58 16 1
58 17 1
58 18 1
58 19 1
58 20 1
58 21 1
58 22 0
58 23 1
58 24 1
58 25 1
58 26 1
58 27 1
58 28 1
58 29 1
58 30 1
58 31 1
58 32 1
58 33 1
59 12 1
59 13 1
59 14 1
59 15 1
59 16 1
59 17 1
59 18 1
59 19 1
59 20 1
59 21 1
59 22 0
59 23 1
59 24 1
59 25 1
59 26 1
59 27 1
59 28 1
59 29 1
59 30 1
59 31 1
59 32 1
60 14 1
60 15 1
60 16 1
60 17 1
60 18 1
60 19 1
60 20 1
60 21 1
60 22 0
60 23 1
60 24 1
60 25 1
60 26 1
60 27 1
60 28 1
60 29 1
60 30 1
61 16 1
61 17 1
61 18 1
61 19 1
61 20 1
61 21 1
61 22 0
61 23 1
61 24 1
61 25 1
61 26 1
61 27 1
61 28 1
62 16 1
62 17 1
62 18 1
62 19 1
62 20 1
62 21 0
62 22 0
62 23 0
62 24 1
62 25 1
62 26 1
62 27 1
62 28 1
63 16 1
63 17 1
63 18 1
63 19 1
63 20 0
63 21 0
63 22 0
63 23 0
63 24 0
63 25 1
63 26 1
63 27 1
63 28 1
64 16 1
64 17 1
64 18 1
64 19 0
64 20 0
64 21 0
64 22 0
64 23 0
64 24 0
64 25 0
64 26 1
64 27 1
64 28 1
65 15 1
65 16 1
65 17 1
65 18 0
65 19 0
65 20 0
65 21 0
65 22 0
65 23 0
65 24 0
65 25 0
65 26 0
65 27 1
65 28 1
65 29 1
66 14 1
66 15 1
66 16 1
66 17 0
66 18 0
66 19 0
66 20 0
66 21 0
66 22 0
66 23 0
66 24 0
66 25 0
66 26 0
66 27 0
66 28 1
66 29 1
66 30 1
67 14 1
67 15 1
67 16 1
67 17 0
67 18 0
67 19 0
67 20 0
67 21 0
67 22 0
67 23 0
67 24 0
67 25 0
67 26 0
67 27 0
67 28 1
67 29 1
67 30 1
68 14 1
68 15 1
68 16 0
68 17 0
68 18 0
68 19 0
68 20 0
68 21 0
68 22 0
68 23 0
68 24 0
68 25 0
68 26 0
68 27 0
68 28 0
68 29 1
68 30 1
69 14 1
69 15 1
69 16 0
69 17 0
69 18 0
69 19 0
69 20 0
69 21 0
69 22 0
69 23 0
69 24 0
69 25 0
69 26 0
69 27 0
69 28 0
69 29 1
69 30 1
70 14 1
70 15 1
70 16 0
70 17 0
70 18 0
70 19 0
70 20 0
70 21 0
70 22 0
70 23 0
70 24 0
70 25 0
70 26 0
70 27 0
70 28 0
70 29 1
70 30 1
71 14 1
71 15 1
71 16 1
71 17 0
71 18 0
71 19 0
71 20 0
71 21 0
71 22 0
71 23 0
71 24 0
71 25 0
71 26 0
71 27 0
71 28 1
71 29 1
71 30 1
72 14 1
72 15 1
72 16 1
72 17 0
72 18 0
72 19 0
72 20 0
72 21 0
72 22 0
72 23 0
72 24 0
72 25 0
72 26 0
72 27 0
72 28 1
72 29 1
72 30 1
73 15 1
73 16 1
73 17 1
73 18 0
73 19 0
73 20 0
73 21 0
73 22 3 1 81 22 5
73 23 0
73 24 0
73 25 0
73 26 0
73 27 1
73 28 1
73 29 1
74 16 1
74 17 1
74 18 1
74 19 0
74 20 0
74 21 0
74 22 0
74 23 0
74 24 0
74 25 0
74 26 1
74 27 1
74 28 1
75 17 1
75 18 1
75 19 1
75 20 0
75 21 0
75 22 0
75 23 0
75 24 0
75 25 1
75 26 1
75 27 1
76 18 1
76 19 1
76 20 1
76 21 0
76 22 0
76 23 0
76 24 1
76 25 1
76 26 1
77 19 1
77 20 1
77 21 1
77 22 1
77 23 1
77 24 1
77 25 1
78 20 1
78 21 1
78 22 1
78 23 1
78 24 1
79 21 1
79 22 1
79 23 1
80 22 1
